# TYPE rmesh
# NODES 50 1
# U-AXIS r [m]
# V-AXIS z [m]
# MAP3D 1 2 0.0
# COORDINATES cylindrical
# UNITS m, deg
1.350000000000000089e+00
1.353877551020408188e+00
1.357755102040816508e+00
1.361632653061224607e+00
1.365510204081632706e+00
1.369387755102040805e+00
1.373265306122449125e+00
1.377142857142857224e+00
1.381020408163265323e+00
1.384897959183673644e+00
1.388775510204081742e+00
1.392653061224489841e+00
1.396530612244897940e+00
1.400408163265306261e+00
1.404285714285714359e+00
1.408163265306122458e+00
1.412040816326530779e+00
1.415918367346938878e+00
1.419795918367346976e+00
1.423673469387755075e+00
1.427551020408163396e+00
1.431428571428571495e+00
1.435306122448979593e+00
1.439183673469387914e+00
1.443061224489796013e+00
1.446938775510204112e+00
1.450816326530612210e+00
1.454693877551020531e+00
1.458571428571428630e+00
1.462448979591836729e+00
1.466326530612245049e+00
1.470204081632653148e+00
1.474081632653061247e+00
1.477959183673469346e+00
1.481836734693877666e+00
1.485714285714285765e+00
1.489591836734693864e+00
1.493469387755101963e+00
1.497346938775510283e+00
1.501224489795918382e+00
1.505102040816326481e+00
1.508979591836734802e+00
1.512857142857142900e+00
1.516734693877550999e+00
1.520612244897959098e+00
1.524489795918367419e+00
1.528367346938775517e+00
1.532244897959183616e+00
1.536122448979591937e+00
1.540000000000000036e+00
0.000000000000000000e+00
